第1排資料:40423101, 40423103, 40423104, 40423117, 40423136, 40423144, 
第2排資料:40223103, 40223109, 40443111, 40423111, 
第3排資料:40423112, 40423116, 40423118, 40423127, 40423137, 40423152, 
第4排資料:40423123, 40423129, 40423132, 40423133, 40423155, 40423157, 
第5排資料:40423105, 40423115, 40423139, 40423119, 40423149, 40423128, 
第6排資料:40423141, 40423143, 40423145, 40423146, 40423147, 40423148, 
第7排資料:40423106, 40423107, 40423108, 40423121, 40423125, 40423140, 
第8排資料:g0910841123, 40423115, 40423120, 40423122, 40423124, 
第9排資料:40423126, 40423135, 40423150, 40423154, 
第10排資料:40423109, 40423110, 40423113, 40423138, 40423130, 40423131, 
